0.0028611827330949
11 13 1 13 17 11	0.0666666666666667
11 11 1 13 17 11	0.0563380281690141
11 13 8 13 17 11	0.0645161290322581
11 13 1 13 20 11	0.0533333333333333
11 13 1 13 1 11	0.0465116279069767
11 11 8 13 17 11	0.0547945205479452
10 13 1 13 17 11	0.0540540540540541
11 13 8 13 20 11	0.0533333333333333
11 11 1 13 20 11	0.043956043956044
11 13 1 11 17 11	0.0506329113924051
11 11 1 13 1 11	0.0404040404040404
11 13 8 13 1 11	0.0449438202247191
10 13 8 13 17 11	0.0526315789473684
10 11 1 13 17 11	0.0459770114942529
11 11 8 13 20 11	0.043956043956044
10 13 1 13 20 11	0.043956043956044
11 11 1 11 17 11	0.0421052631578947
11 13 8 11 17 11	0.0487804878048781
11 11 8 13 1 11	0.0388349514563107
11 13 1 11 20 11	0.04
10 13 1 13 1 11	0.0373831775700935
10 11 8 13 17 11	0.0449438202247191
11 13 1 11 1 11	0.0363636363636364
10 13 8 13 20 11	0.043956043956044
10 11 1 13 20 11	0.0363636363636364
10 13 1 11 17 11	0.0416666666666667
11 11 8 11 17 11	0.0408163265306122
10 11 1 13 1 11	0.032520325203252
10 13 8 13 1 11	0.0357142857142857
11 11 1 11 20 11	0.032
11 13 8 11 20 11	0.04
11 13 8 11 1 11	0.0350877192982456
11 11 1 11 1 11	0.0300751879699248
10 11 8 13 20 11	0.0363636363636364
10 11 1 11 17 11	0.0347826086956522
10 13 8 11 17 11	0.04
10 11 8 13 1 11	0.03125
10 13 1 11 20 11	0.0330578512396694
11 11 8 11 20 11	0.0317460317460317
10 11 8 11 17 11	0.0336134453781513
10 13 8 11 20 11	0.0330578512396694
20 13 1 13 17 11	0.0296296296296296
10 13 1 11 1 11	0.0294117647058824
11 11 8 11 1 11	0.0289855072463768
10 11 1 11 20 11	0.0264900662251656
10 11 1 11 1 11	0.0245398773006135
20 13 8 13 17 11	0.0277777777777778
10 13 8 11 1 11	0.028169014084507
10 11 8 11 20 11	0.0263157894736842
20 11 1 13 17 11	0.0253164556962025
20 13 1 13 20 11	0.025
20 11 8 13 17 11	0.0236686390532544
10 11 8 11 1 11	0.0235294117647059
20 11 1 13 20 11	0.0205128205128205
20 13 1 13 1 11	0.0205128205128205
20 13 1 11 17 11	0.024390243902439
20 13 8 13 20 11	0.0242424242424242
20 13 8 13 1 11	0.018957345971564
20 11 1 13 1 11	0.0175438596491228
20 13 8 11 17 11	0.0229885057471264
20 11 1 11 17 11	0.02
20 13 1 11 20 11	0.0203045685279188
20 11 8 13 20 11	0.0198019801980198
11 13 1 13 17 13	0.0122699386503067
20 11 8 13 1 11	0.0161943319838057
20 11 8 11 17 11	0.0188679245283019
20 13 1 11 1 11	0.0173913043478261
11 11 1 13 17 13	0.0106382978723404
20 13 8 11 20 11	0.0198019801980198
11 13 1 13 20 13	0.0110192837465565
11 13 8 13 17 13	0.0108108108108108
20 11 1 11 20 11	0.016
20 13 8 11 1 11	0.0161290322580645
20 11 1 11 1 11	0.0141843971631206
11 13 1 13 1 13	0.00788954635108481
11 13 8 13 20 13	0.010126582278481
20 11 8 11 20 11	0.0155038759689922
10 13 1 13 17 13	0.00975609756097561
11 11 8 13 17 13	0.00943396226415094
11 11 1 13 20 13	0.00932400932400932
11 11 1 13 1 13	0.00700525394045534
11 13 1 11 17 13	0.00975609756097561
20 11 8 11 1 11	0.0132013201320132
10 11 1 13 17 13	0.00856531049250535
11 13 8 13 1 13	0.00681431005110733
10 13 1 13 20 13	0.00896860986547085
10 13 8 13 17 13	0.00858369098712446
11 11 8 13 20 13	0.00856531049250535
11 13 8 11 17 13	0.00867678958785249
11 11 1 11 17 13	0.00831600831600832
10 13 1 13 1 13	0.0062111801242236
11 11 8 13 1 13	0.00604229607250755
11 13 1 11 20 13	0.00871459694989107
10 11 1 13 20 13	0.00767754318618042
10 11 8 13 17 13	0.00759013282732448
11 13 1 11 1 13	0.0065359477124183
10 13 8 13 20 13	0.00823045267489712
10 13 1 11 17 13	0.00785854616895874
11 13 8 11 20 13	0.00804828973843058
11 11 8 11 17 13	0.00743494423791822
11 11 1 11 20 13	0.00719424460431655
10 11 1 13 1 13	0.00558659217877095
11 20 1 13 17 11	0.00548696844993141
10 13 8 13 1 13	0.0053475935828877
10 11 8 13 20 13	0.00701754385964912
11 11 1 11 1 13	0.00562587904360056
11 13 8 11 1 13	0.00570613409415121
10 13 1 11 20 13	0.00719424460431655
10 11 1 11 17 13	0.00677966101694915
10 13 8 11 17 13	0.00696864111498258
11 11 8 11 20 13	0.0066334991708126
11 20 1 13 20 11	0.00520833333333333
10 11 8 13 1 13	0.00479616306954436
11 20 8 13 17 11	0.00443951165371809
10 11 8 11 17 13	0.00604229607250755
20 13 1 13 17 13	0.00550964187327824
11 20 1 13 1 11	0.00366636113657195
10 13 1 11 1 13	0.00522193211488251
11 11 8 11 1 13	0.00492004920049201
10 13 8 11 20 13	0.00662251655629139
10 20 1 13 17 11	0.00424628450106157
10 11 1 11 20 13	0.00598802395209581
11 20 1 11 17 11	0.00468933177022274
10 11 1 11 1 13	0.00455580865603645
11 20 8 13 20 11	0.00439077936333699
20 13 1 13 20 13	0.00529100529100529
20 11 1 13 17 13	0.00479041916167665
20 13 8 13 17 13	0.00472813238770686
10 13 8 11 1 13	0.00453001132502831
10 20 1 13 20 11	0.00418848167539267
11 20 8 13 1 11	0.00287562904385334
10 11 8 11 20 13	0.00550206327372765
10 20 8 13 17 11	0.00343938091143594
11 20 1 11 20 11	0.0043525571273123
10 11 8 11 1 13	0.00395256916996047
11 20 8 11 17 11	0.00387972841901067
20 13 1 13 1 13	0.00364963503649635
20 11 1 13 20 13	0.00449438202247191
20 11 8 13 17 13	0.00413650465356774
10 20 1 13 1 11	0.00283486888731396
11 20 1 11 1 11	0.00323886639676113
20 13 1 11 17 13	0.004739336492891
20 13 8 13 20 13	0.00474495848161329
10 20 1 11 17 11	0.00366300366300366
11 20 8 11 20 11	0.00373482726423903
10 20 8 13 20 11	0.00353982300884956
20 11 1 13 1 13	0.00320256204963971
20 13 8 13 1 13	0.00307692307692308
20 13 1 11 20 13	0.00453514739229025
10 20 8 13 1 11	0.00222593210907067
20 11 1 11 17 13	0.00403225806451613
20 11 8 13 20 13	0.00402414486921529
20 13 8 11 17 13	0.00411946446961895
11 20 8 11 1 11	0.0025974025974026
10 20 1 11 20 11	0.00354924578527063
10 20 8 11 17 11	0.0030441400304414
20 11 8 13 1 13	0.00269541778975741
20 13 1 11 1 13	0.00324149108589951
20 13 8 11 20 13	0.00409416581371546
20 20 1 13 17 11	0.00271186440677966
20 11 1 11 20 13	0.0037593984962406
20 11 8 11 17 13	0.00353982300884956
10 20 1 11 1 11	0.00253004427577483
10 20 8 11 20 11	0.00306044376434583
20 11 1 11 1 13	0.00278551532033426
20 13 8 11 1 13	0.00275671950379049
20 11 8 11 20 13	0.00341296928327645
20 20 1 13 20 11	0.00282485875706215
10 20 8 11 1 11	0.00203458799593082
20 20 8 13 17 11	0.00220872446162341
20 11 8 11 1 13	0.00238095238095238
20 20 8 13 20 11	0.00238805970149254
20 20 1 11 17 11	0.00248911014312383
20 20 1 13 1 11	0.00188590287600189
20 20 1 11 20 11	0.00252365930599369
20 20 8 11 17 11	0.00206611570247934
20 20 8 13 1 11	0.0014809329877823
20 20 8 11 20 11	0.00216684723726977
11 20 1 13 17 13	0.00127713920817369
20 20 1 11 1 11	0.00176756517896597
11 20 1 13 20 13	0.00136612021857923
20 20 8 11 1 11	0.00141342756183746
11 20 8 13 17 13	0.00101574403250381
11 20 1 13 1 13	0.000908265213442325
11 20 8 13 20 13	0.00112013441612994
10 20 1 13 17 13	0.00102092904543134
11 20 1 11 17 13	0.00118729593351143
10 20 1 13 20 13	0.00113539596934431
11 20 1 11 20 13	0.00122887864823349
11 20 8 11 17 13	0.000963623223319682
10 20 8 13 17 13	0.000820176337912651
11 20 8 13 1 13	0.000712123909560264
10 20 1 13 1 13	0.000737191301142647
11 20 1 11 1 13	0.000867302688638335
10 20 1 11 17 13	0.000957854406130268
10 20 8 13 20 13	0.000935891436593355
11 20 8 11 20 13	0.00102669404517454
10 20 1 11 20 13	0.00103305785123967
10 20 8 11 17 13	0.000785083415112856
11 20 8 11 1 13	0.000693361067776044
10 20 8 13 1 13	0.000583856371332652
20 20 1 13 17 13	0.000745156482861401
10 20 1 11 1 13	0.000708842814105972
10 20 8 11 20 13	0.000866738894907909
20 20 1 13 20 13	0.000843703859945159
20 20 8 13 17 13	0.00060790273556231
10 20 8 11 1 13	0.0005724917704308
20 20 1 11 17 13	0.000718648939992814
20 20 1 13 1 13	0.000560302563384227
20 20 8 13 20 13	0.000703482237073514
20 20 1 11 20 13	0.000786163522012579
20 20 8 11 17 13	0.000594088816278034
20 20 1 11 1 13	0.000546448087431694
20 20 8 11 20 13	0.000664451827242525
20 20 8 13 1 13	0.000451009132934942
20 20 8 11 1 13	0.000446080071372811
