0.00033276684235431
13 3 8 7 20 11	0.00193798449612403
11 3 12 7 20 11	0.00203769740193581
11 3 8 7 20 11	0.00211304807184363
11 3 8 7 13 11	0.00191846522781775
10 3 12 7 20 11	0.00173611111111111
10 3 12 7 20 14	0.00157728706624606
10 3 12 7 13 11	0.00146466495789088
10 3 12 7 13 14	0.00128700128700129
10 3 6 7 20 11	0.00129366106080207
10 3 8 7 20 11	0.00176991150442478
10 3 8 7 20 14	0.00150432493418578
10 3 8 7 17 11	0.00131708923279552
10 3 8 7 13 11	0.00159235668789809
10 3 8 7 13 14	0.00130932896890344
20 3 12 7 20 11	0.00166666666666667
20 3 12 7 20 14	0.00150432493418578
20 3 12 7 13 11	0.00137551581843191
20 3 6 7 20 11	0.00124649423496416
20 3 8 7 20 11	0.00171969045571797
20 3 8 7 20 14	0.00144300144300144
20 3 8 7 17 11	0.00127754710954966
20 3 8 7 13 11	0.0015319800842589
20 3 8 7 13 14	0.00124107973937325
13 4 8 7 20 11	0.00126582278481013
13 3 12 7 20 11	0.00187441424554827
13 3 12 7 20 14	0.00164948453608247
13 3 12 7 17 11	0.0013076168682576
13 3 12 7 13 11	0.00158290462999604
13 3 12 7 13 14	0.0013531799729364
13 3 6 7 20 11	0.00143266475644699
13 3 6 7 13 11	0.00125786163522013
13 3 8 7 20 14	0.00162008910490077
13 3 8 7 1 11	0.00133913625711416
13 3 8 7 17 11	0.00146145414687614
13 3 8 7 17 14	0.00125509883903357
13 3 8 7 13 11	0.0017520805957074
13 3 8 7 13 14	0.00141342756183746
11 4 12 7 20 11	0.00128369704749679
11 4 8 7 20 11	0.00142500890630566
11 4 8 7 13 11	0.0012924071082391
11 3 12 7 20 14	0.00184928340268146
11 3 12 7 1 11	0.00126984126984127
11 3 12 7 17 11	0.00141143260409315
11 3 12 7 17 14	0.00131752305665349
11 3 12 7 13 11	0.00172191132156694
11 3 12 7 13 14	0.0014986886474335
11 3 6 7 20 11	0.00154798761609907
11 3 6 7 20 14	0.00131104555883317
11 3 6 7 13 11	0.00137221269296741
11 3 8 7 20 14	0.001806684733514
11 3 8 7 1 11	0.00145085237577077
11 3 8 7 10 11	0.00123228589032656
11 3 8 7 17 11	0.00158102766798419
11 3 8 7 17 14	0.00137551581843191
11 3 8 7 13 14	0.00156372165754496
10 4 12 7 20 11	0.00105014439485429
10 4 12 7 20 14	0.000965250965250965
10 4 12 7 13 11	0.000875465090829503
10 4 8 7 20 11	0.00112962439988704
10 4 8 7 20 14	0.000953516090584029
10 4 8 7 17 11	0.000872790748418067
10 4 8 7 13 11	0.00102092904543134
10 3 12 7 1 11	0.00106185293336873
10 3 12 7 1 14	0.000953516090584029
10 3 12 7 10 11	0.000877577885037297
10 3 12 7 17 11	0.00119402985074627
10 3 12 7 17 14	0.00112580917534478
10 3 12 6 20 11	0.000940291490362012
10 3 6 7 20 14	0.00110314396028682
10 3 6 7 17 11	0.000920598388952819
10 3 6 7 13 11	0.00112771356075557
10 3 6 7 13 14	0.000922934933087217
10 3 8 7 1 11	0.00118623962040332
10 3 8 7 1 14	0.000982800982800983
10 3 8 7 10 11	0.00100175306786877
10 3 8 7 17 14	0.00116009280742459
10 3 8 6 20 11	0.000987410515921995
10 3 8 6 13 11	0.000922296518330643
20 4 12 7 20 11	0.00100300902708124
20 4 12 7 20 14	0.000919963201471941
20 4 8 7 20 11	0.00108813928182807
20 4 8 7 20 14	0.000910332271279017
20 4 8 7 13 11	0.000968992248062015
20 3 12 7 1 11	0.00101522842639594
20 3 12 7 1 14	0.000909711166704571
20 3 12 7 17 11	0.00113314447592068
20 3 12 7 17 14	0.00105988341282459
20 3 12 7 13 14	0.00119402985074627
20 3 12 6 20 11	0.000888888888888889
20 3 6 7 20 14	0.00105792118487173
20 3 6 7 17 11	0.000872029649008066
20 3 6 7 13 11	0.00105513057240834
20 3 8 7 1 11	0.00115207373271889
20 3 8 7 1 14	0.000945850082761882
20 3 8 7 10 11	0.000969227041434456
20 3 8 7 17 14	0.00111265646731572
20 3 8 6 20 11	0.000935891436593355
13 4 12 7 20 11	0.00114777618364419
13 4 12 7 20 14	0.00101445599797109
13 4 12 7 13 11	0.000961769656167348
13 4 6 7 20 11	0.000908471496706791
13 4 8 7 20 14	0.0010515247108307
13 4 8 7 1 11	0.000881445570736007
13 4 8 7 17 11	0.000983284169124877
13 4 8 7 13 11	0.00114580349470066
13 4 8 7 13 14	0.00092485549132948
13 3 2 7 20 11	0.000956937799043062
13 3 12 7 1 11	0.00117820324005891
13 3 12 7 1 14	0.00102066853789232
13 3 12 7 10 11	0.000972289742343218
13 3 12 7 17 14	0.00120264582080577
13 3 12 6 20 11	0.00101445599797109
13 3 12 6 20 14	0.000876616261231646
13 3 12 6 13 11	0.000868998479252661
13 3 6 7 20 14	0.00118729593351143
13 3 6 7 1 11	0.000952380952380952
13 3 6 7 17 11	0.00104248110502997
13 3 6 7 17 14	0.00087931413497472
13 3 6 7 13 14	0.00100225507391631
13 3 8 7 1 14	0.00108962135657859
13 3 8 7 10 11	0.00112930547713156
13 3 8 7 10 14	0.000904772675865189
13 3 8 4 20 11	0.000883977900552486
13 3 8 6 20 11	0.00110344827586207
13 3 8 6 20 14	0.000894254415381176
13 3 8 6 13 11	0.00102616726526424
11 4 12 7 20 14	0.00116414435389988
11 4 12 7 17 11	0.000918906501263496
11 4 12 7 17 14	0.000861141011840689
11 4 12 7 13 11	0.00107613666935701
11 4 12 7 13 14	0.000938526513374003
11 4 6 7 20 11	0.00100933636134242
11 4 6 7 20 14	0.000861511953478355
11 4 6 7 13 11	0.000882807327300817
11 4 8 7 20 14	0.00120918984280532
11 4 8 7 1 11	0.000983767830791933
11 4 8 7 10 11	0.000874508089199825
11 4 8 7 17 11	0.00109529025191676
11 4 8 7 17 14	0.000953288846520496
11 4 8 7 13 14	0.00105263157894737
11 3 2 7 20 11	0.000990834778300718
11 3 2 7 13 11	0.000875656742556918
11 3 12 7 1 14	0.00112739571589628
11 3 12 7 10 11	0.0010452051215051
11 3 12 7 10 14	0.000884173297966401
11 3 12 6 20 11	0.00109859928591046
11 3 12 6 20 14	0.000968288549987896
11 3 12 6 13 11	0.000952834683182468
11 3 6 7 1 11	0.00102354145342886
11 3 6 7 10 11	0.000887114659569749
11 3 6 7 17 11	0.00112170499158721
11 3 6 7 17 14	0.000959232613908873
11 3 6 7 13 14	0.00110527770102238
11 3 6 6 20 11	0.0009000900090009
11 3 8 7 1 14	0.00119653006281783
11 3 8 7 10 14	0.000991571641051066
11 3 8 4 20 11	0.000947193937958797
11 3 8 4 13 11	0.000934579439252336
11 3 8 6 20 11	0.00120955548835803
11 3 8 6 20 14	0.00099304865938431
11 3 8 6 17 11	0.000929152148664344
11 3 8 6 13 11	0.00114580349470066
11 3 8 6 13 14	0.000902730760550666
10 4 12 7 17 11	0.000747663551401869
10 4 12 7 13 14	0.00078125
10 4 6 7 20 11	0.000813504169208867
10 4 8 7 1 11	0.000767165324127349
10 4 8 7 17 14	0.000767165324127349
10 4 8 7 13 14	0.000837345614402345
10 3 2 7 20 11	0.000839630562552477
10 3 12 7 10 14	0.000757288905717531
10 3 12 6 20 14	0.000843170320404722
10 3 12 6 13 11	0.000805477245267821
10 3 6 7 1 11	0.000836470096194061
10 3 6 7 17 14	0.000799520287827304
10 3 6 6 20 11	0.000760890241582652
10 3 8 7 10 14	0.000811853054597118
10 3 8 4 20 11	0.000773993808049536
10 3 8 4 13 11	0.000756286632633768
10 3 8 6 20 14	0.000814332247557003
10 3 8 6 17 11	0.000748643084409508
20 4 12 7 13 11	0.000816993464052288
20 4 6 7 20 11	0.000785083415112856
20 4 8 7 1 11	0.000738143568924156
20 4 8 7 17 11	0.000838222967309304
20 4 8 7 13 14	0.000785700255352583
20 3 2 7 20 11	0.000826275562900227
20 3 12 7 10 11	0.000834376303712975
20 3 12 6 20 14	0.000793178663493952
20 3 6 7 1 11	0.000800800800800801
20 3 6 7 17 14	0.000749625187406297
20 3 6 7 13 14	0.000854335753951303
20 3 8 7 10 14	0.000775945683802134
20 3 8 4 20 11	0.00075046904315197
20 3 8 6 20 14	0.000765403750478377
20 3 8 6 13 11	0.000839278220730172
13 4 12 7 1 11	0.000738688827331487
13 4 12 7 17 11	0.000829531314807134
13 4 12 7 17 14	0.000765990042129452
13 4 12 7 13 14	0.000826275562900227
13 4 6 7 20 14	0.00076103500761035
13 4 6 7 13 11	0.000789110278161373
13 4 8 7 10 11	0.000782013685239492
13 4 8 7 17 14	0.000845487212005918
13 3 2 7 20 14	0.000792236086353733
13 3 2 7 13 11	0.00083281282531751
13 3 12 7 10 14	0.000813504169208867
13 3 12 4 20 11	0.000767018216682646
13 3 6 7 1 14	0.000769822940723634
13 3 6 7 10 11	0.000821018062397373
13 3 6 6 20 11	0.000827814569536424
13 3 8 4 13 11	0.000853242320819113
13 3 8 6 1 11	0.000764672146817052
13 3 8 6 17 11	0.000846560846560847
13 3 8 6 13 14	0.000807265388496468
11 4 12 7 1 11	0.000817828664894705
11 4 6 7 17 11	0.000746268656716418
11 4 8 7 1 14	0.000816326530612245
11 4 8 6 20 11	0.000826104915324246
11 4 8 6 13 11	0.000772200772200772
11 3 2 7 20 14	0.000828843762950684
11 3 2 7 17 11	0.000738961758728986
11 3 12 4 20 11	0.00080563947633434
11 3 12 4 13 11	0.000754147812971342
11 3 12 6 17 11	0.000770712909441233
11 3 12 6 13 14	0.00080563947633434
11 3 6 7 1 14	0.000839983200335993
11 3 6 6 20 14	0.000764233855559801
11 3 6 6 13 11	0.000804667069000201
11 3 8 4 20 14	0.000767459708365311
11 3 8 4 17 11	0.000790826413602214
11 3 8 4 13 14	0.000739781764379508
11 3 8 6 1 11	0.000841396718552798
11 3 8 6 10 11	0.000775644754702346
11 3 8 6 17 14	0.000774443368828654
10 4 12 7 1 11	0.00066214202946532
10 4 12 7 17 14	0.000716332378223496
10 4 6 7 20 14	0.000704970038773352
10 4 6 7 13 11	0.000701631292755657
10 4 8 7 10 11	0.000684931506849315
10 3 2 7 20 14	0.000710479573712256
10 3 2 7 13 11	0.000731796560556165
10 3 12 4 20 11	0.000684579839123738
10 3 12 6 13 14	0.000703482237073514
10 3 6 7 1 14	0.000698934125458675
10 3 6 7 10 11	0.000727272727272727
10 3 6 6 20 14	0.000659848234905972
10 3 6 6 13 11	0.000666888962987663
10 3 8 6 1 11	0.000670128999832468
10 3 8 6 13 14	0.000735970561177553
20 4 12 7 17 11	0.000707213578500707
20 4 12 7 17 14	0.000674422525712359
20 4 12 7 13 14	0.000725294650951949
20 4 6 7 20 14	0.000679925208227095
20 4 6 7 13 11	0.000655952771400459
20 4 8 7 10 11	0.000653274538624857
20 4 8 7 17 14	0.000729793833242109
20 3 2 7 20 14	0.000696500087062511
20 3 2 7 13 11	0.000704225352112676
20 3 12 7 10 14	0.000715563506261181
20 3 12 4 20 11	0.000656383327863472
20 3 12 6 13 11	0.000727272727272727
20 3 6 7 1 14	0.0006678911337452
20 3 6 7 10 11	0.000694203401596668
20 3 6 6 20 11	0.000722152012998736
20 3 8 4 13 11	0.000712631391412792
20 3 8 6 17 11	0.000694927032661571
20 3 8 6 13 14	0.000661266325012399
13 4 2 7 20 11	0.0006521030322791
13 4 12 7 1 14	0.000650300764103398
13 4 12 6 20 11	0.000655952771400459
13 4 6 7 17 11	0.000676475562320311
13 4 8 7 1 14	0.000721630885801912
13 4 8 6 20 11	0.000731261425959781
13 4 8 6 13 11	0.000675333445888908
13 3 2 7 1 11	0.000660501981505945
13 3 2 7 17 11	0.000714158186038207
13 3 2 7 13 14	0.000683060109289617
13 3 12 4 20 14	0.000651359713401726
13 3 12 4 13 11	0.000703358537014243
13 3 12 6 1 11	0.000659521846661171
13 3 12 6 17 11	0.000711870439579996
13 3 12 6 13 14	0.000729793833242109
13 3 6 7 10 14	0.000656706616319159
13 3 6 6 20 14	0.000695410292072323
13 3 6 6 13 11	0.000728199526670308
13 3 8 4 20 14	0.000717488789237668
13 3 8 4 17 11	0.000734214390602056
13 3 8 4 13 14	0.000680040802448147
13 3 8 6 10 11	0.000699178465303269
13 3 8 6 17 14	0.000702617249253469
11 4 2 7 20 11	0.000696985537550096
11 4 12 7 1 14	0.000735699834467537
11 4 12 7 10 11	0.000710732054015636
11 4 12 6 20 11	0.000730326821252511
11 4 12 6 20 14	0.00065402223675605
11 4 6 7 1 11	0.000678081030683167
11 4 6 7 13 14	0.00071774627669119
11 4 8 7 10 14	0.000701877522372346
11 4 8 4 20 11	0.000666333499916708
11 4 8 4 13 11	0.00065843621399177
11 4 8 6 20 14	0.000681895669962496
11 3 2 7 1 11	0.000683410216982744
11 3 2 7 13 14	0.000718390804597701
11 3 12 4 20 14	0.000688231245698555
11 3 12 6 1 11	0.000711743772241993
11 3 12 6 17 14	0.000693481276005548
11 3 6 7 10 14	0.000710858361471477
11 3 6 4 20 11	0.000677736360555744
11 3 6 4 13 11	0.000655200655200655
11 3 6 6 17 11	0.000651465798045603
11 3 6 6 13 14	0.0006521030322791
11 3 8 4 1 11	0.000696257615317668
11 3 8 4 10 11	0.000657030223390276
11 3 8 4 17 14	0.000657354149548069
11 3 8 6 1 14	0.000674422525712359
10 4 2 7 20 11	0.000568828213879408
10 4 12 7 1 14	0.000609942055504727
10 4 12 7 10 11	0.000577951163126716
10 4 12 6 20 11	0.000610873549175321
10 4 12 6 20 14	0.00055936232694728
10 4 6 7 1 11	0.000543109300746775
10 4 6 7 17 11	0.00059506099375186
10 4 6 7 13 14	0.000585480093676815
10 4 8 7 1 14	0.000639590661976335
10 4 8 7 10 14	0.000554323725055432
10 4 8 6 20 11	0.000648613588454678
10 4 8 6 20 14	0.000542225837061136
10 4 8 6 13 11	0.000598623166716552
10 3 2 7 1 11	0.000572164211128594
10 3 2 7 17 11	0.000623052959501558
10 3 2 7 17 14	0.000550206327372765
10 3 2 7 13 14	0.000611620795107034
10 3 12 4 20 14	0.000602318927872308
10 3 12 4 13 11	0.000632911392405063
10 3 12 4 13 14	0.000545107658762606
10 3 12 6 1 11	0.000602500376562735
10 3 12 6 10 11	0.000549752611324904
10 3 12 6 17 11	0.00064401867654162
10 3 12 6 17 14	0.000596747724899299
10 3 6 7 10 14	0.000596925831965378
10 3 6 4 20 11	0.000561718859710715
10 3 6 6 13 14	0.000559518813820115
10 3 8 4 20 14	0.000636132315521629
10 3 8 4 1 11	0.000559127760693318
10 3 8 4 17 11	0.000644849266483959
10 3 8 4 17 14	0.000547495209416918
10 3 8 4 13 14	0.00061022120518688
10 3 8 6 1 14	0.000545404963185165
10 3 8 6 10 11	0.00062111801242236
10 3 8 6 17 14	0.000632911392405063
20 4 2 7 20 11	0.00055889339108565
20 4 12 7 1 11	0.000635626887017321
20 4 12 7 1 14	0.000586166471277843
20 4 12 7 10 11	0.000548170481019597
20 4 12 6 20 11	0.000574465029441333
20 4 6 7 17 11	0.000563380281690141
20 4 6 7 13 14	0.000546821599453178
20 4 8 7 1 14	0.000612182430364249
20 4 8 6 20 11	0.00060790273556231
20 3 2 7 1 11	0.000560695262125035
20 3 2 7 17 11	0.00060790273556231
20 3 2 7 13 14	0.000581987487269024
20 3 12 4 20 14	0.000575456768810243
20 3 12 4 13 11	0.000583941605839416
20 3 12 6 1 11	0.000562508789199831
20 3 12 6 17 11	0.000592504814101615
20 3 12 6 17 14	0.000548095368594135
20 3 12 6 13 14	0.000632511068943707
20 3 6 7 10 14	0.000567697984672154
20 3 6 6 20 14	0.000623344241857566
20 3 6 6 13 11	0.000606244316459533
20 3 8 4 20 14	0.000611901483861098
20 3 8 4 17 11	0.000620251201736703
20 3 8 4 13 14	0.00056777856635912
20 3 8 6 1 11	0.000623247117482082
20 3 8 6 10 11	0.000573970440522313
20 3 8 6 17 14	0.000581141943919802
13 4 2 7 20 14	0.000548471136706431
13 4 2 7 13 11	0.000566813093382457
13 4 12 7 10 11	0.000644226123369303
13 4 12 7 10 14	0.000544588155207624
13 4 12 6 20 14	0.000578703703703704
13 4 12 6 13 11	0.000555864369093941
13 4 6 7 1 11	0.000615574022776239
13 4 6 7 10 11	0.000563539025077487
13 4 6 7 17 14	0.000574712643678161
13 4 6 7 13 14	0.00063663854846411
13 4 6 6 20 11	0.000558971492453885
13 4 8 7 10 14	0.000625978090766823
13 4 8 4 20 11	0.000608550129316902
13 4 8 4 13 11	0.000591803521230951
13 4 8 6 20 14	0.000597728631201434
13 4 8 6 17 11	0.000573805766747956
13 3 2 7 1 14	0.00055005500550055
13 3 2 7 10 11	0.0006000600060006
13 3 2 7 17 14	0.000617379225189072
13 3 2 6 20 11	0.000589362015618093
13 3 12 4 17 11	0.000602500376562735
13 3 12 4 13 14	0.000585137507314219
13 3 12 6 1 14	0.000567939798381372
13 3 12 6 10 11	0.000597728631201434
13 3 12 6 17 14	0.000632911392405063
13 3 6 4 20 11	0.000636334712058543
13 3 6 4 13 11	0.000599161174355902
13 3 6 6 1 11	0.000565211247703829
13 3 6 6 17 11	0.000598712767549768
13 3 6 6 13 14	0.000590405904059041
13 3 8 4 1 11	0.00064609917622355
13 3 8 4 10 11	0.000598802395209581
13 3 8 4 17 14	0.000612557427258805
13 3 8 6 1 14	0.000610035077016929
13 3 8 6 10 14	0.000551876379690949
11 4 2 7 20 14	0.000591891092039065
11 4 2 7 13 11	0.000611714329408166
11 4 12 7 10 14	0.00060560181680545
11 4 12 4 20 11	0.000546971147271981
11 4 12 6 13 11	0.00062266500622665
11 4 6 7 1 14	0.000568909116768596
11 4 6 7 10 11	0.00062111801242236
11 4 6 7 17 14	0.000641848523748395
11 4 6 6 20 11	0.000622277535780958
11 4 6 6 13 11	0.000545404963185165
11 4 8 4 20 14	0.000544439907445216
11 4 8 4 17 11	0.000569395017793594
11 4 8 6 1 11	0.00057711729909104
11 4 8 6 10 11	0.000559205927582832
11 4 8 6 17 11	0.000644953240890035
11 4 8 6 13 14	0.000614533722538024
11 3 2 7 1 14	0.000571591883395256
11 3 2 7 10 11	0.000633613179154126
11 3 2 7 17 14	0.000641745547890261
11 3 2 6 20 11	0.000623150023368126
11 3 2 6 13 11	0.000558503211393465
11 3 12 4 1 11	0.000556328233657858
11 3 12 4 17 11	0.000636132315521629
11 3 12 4 17 14	0.000563856780377784
11 3 12 4 13 14	0.000625978090766823
11 3 12 6 1 14	0.000621310966138552
11 3 12 6 10 11	0.000648088139987038
11 3 12 6 10 14	0.000542667209333876
11 3 6 4 20 14	0.00055363321799308
11 3 6 4 17 11	0.000551040088166414
11 3 6 6 1 11	0.000613026819923372
11 3 6 6 10 11	0.000579458206576851
11 3 6 6 17 14	0.00054757015742642
11 3 8 4 1 14	0.000557802259099149
11 3 8 6 10 14	0.000609756097560976
10 4 2 7 20 14	0.000492186538698167
10 4 2 7 13 11	0.000495172072295123
10 4 12 7 10 14	0.000505689001264222
10 4 12 6 13 11	0.000518537723619393
10 4 6 7 10 11	0.0005005005005005
10 4 6 7 17 14	0.00052369730295889
10 4 6 6 20 11	0.000517129928894635
10 4 8 4 20 11	0.000526801000921902
10 4 8 4 13 11	0.000517799352750809
10 4 8 6 17 11	0.000503207950685621
10 4 8 6 13 14	0.000485142510612492
10 3 2 7 1 14	0.000488818281803739
10 3 2 7 10 11	0.000524315113383143
10 3 2 6 20 11	0.000528401585204756
10 3 12 4 17 11	0.000534116704499933
10 3 12 4 17 14	0.000488997555012225
10 3 12 6 1 14	0.000541345242928678
10 3 6 4 13 11	0.000530785562632696
10 3 6 6 1 11	0.000513017827369501
10 3 6 6 10 11	0.000485377988108239
10 3 6 6 17 11	0.000535546927299505
10 3 8 4 10 11	0.000524865503214801
10 3 8 6 10 14	0.000497698146074406
20 4 2 7 20 14	0.000483617458590255
20 4 12 7 10 14	0.000479558805898573
20 4 12 6 20 14	0.000525486074619023
20 4 6 7 1 11	0.000523286237571952
20 4 6 7 10 11	0.000477213075638272
20 4 6 7 17 14	0.000494743351886209
20 4 6 6 20 11	0.000490857773959995
20 4 8 7 10 14	0.000527009222661397
20 4 8 4 20 11	0.000506393214330928
20 4 8 4 13 11	0.000481637567730283
20 4 8 6 20 14	0.000508130081300813
20 4 8 6 13 11	0.000538213132400431
20 3 2 7 1 14	0.000477611940298507
20 3 2 7 10 11	0.000508517670989067
20 3 2 7 17 14	0.000531067445565587
20 3 2 6 20 11	0.000506585612968592
20 3 12 4 17 11	0.000503968753937256
20 3 12 4 13 14	0.000500250125062531
20 3 12 6 1 14	0.000504795557799091
20 3 12 6 10 11	0.000505880865056279
20 3 6 4 20 11	0.000539228902669183
20 3 6 4 13 11	0.000489955903968643
20 3 6 6 1 11	0.000481695568400771
20 3 6 6 17 11	0.000494559841740851
20 3 6 6 13 14	0.000507485409794468
20 3 8 4 1 11	0.000537129045253122
20 3 8 4 10 11	0.000495785820525533
20 3 8 4 17 14	0.000520901159005079
20 3 8 6 1 14	0.00050460451621042
13 4 2 7 17 11	0.000504350018913126
13 4 12 4 20 11	0.000508001016002032
13 4 12 6 13 14	0.000479271507308891
13 4 6 7 1 14	0.000509943906170321
13 4 6 6 20 14	0.000480192076830732
13 4 6 6 13 11	0.000486263068319961
13 4 8 4 20 14	0.00049813200498132
13 4 8 4 17 11	0.000520291363163372
13 4 8 4 13 14	0.000476417341591234
13 4 8 6 1 11	0.000512032770097286
13 4 8 6 10 11	0.000495662949194548
13 4 8 6 17 14	0.00047978889288713
13 4 8 6 13 14	0.000537923614846692
13 3 2 7 10 14	0.000487983408564109
13 3 2 4 20 11	0.000476133793596
13 3 2 6 20 14	0.000494071146245059
13 3 2 6 13 11	0.00051907604464054
13 3 12 4 1 11	0.000528960592435864
13 3 12 4 10 11	0.000489536164484151
13 3 12 4 17 14	0.00053184416965829
13 3 12 6 10 14	0.000500751126690035
13 3 6 4 20 14	0.000521036863358083
13 3 6 4 17 11	0.000511639805576874
13 3 6 4 13 14	0.000475907198096371
13 3 6 6 10 11	0.000531279054323283
13 3 6 6 17 14	0.000501630298470028
13 3 8 4 1 14	0.000520359047742943
13 3 8 4 10 14	0.000480076812289966
11 4 2 7 1 11	0.000490075961774075
11 4 2 7 17 11	0.000535403560433677
11 4 2 7 13 14	0.000508776392775375
11 4 12 4 20 14	0.000476985451943716
11 4 12 4 13 11	0.000507678639421246
11 4 12 6 1 11	0.000488519785051295
11 4 12 6 17 11	0.000522944175709243
11 4 12 6 17 14	0.00047852613949037
11 4 12 6 13 14	0.000538647993536224
11 4 6 7 10 14	0.000506200961781827
11 4 6 6 20 14	0.000539447066756575
11 4 8 4 1 11	0.000493339911198816
11 4 8 4 10 11	0.000480595938964316
11 4 8 4 17 14	0.000477783086478739
11 4 8 4 13 14	0.000526523627747795
11 4 8 6 17 14	0.00054127198917456
11 3 2 7 10 14	0.000513083632632119
11 3 2 4 20 11	0.000494865767660522
11 3 2 6 20 14	0.000523765876653136
11 3 12 4 10 11	0.000525486074619023
11 3 6 4 1 11	0.000489536164484151
11 3 6 4 10 11	0.000478182904961148
11 3 6 4 13 14	0.000515862780500387
11 3 6 6 1 14	0.000512032770097286
11 3 8 4 10 14	0.000521716447110995
11 3 8 12 20 11	0.000501002004008016
11 3 8 12 13 11	0.000483734429798041
10 4 2 7 1 11	0.000401485496336445
10 4 2 7 17 11	0.000438788942518649
10 4 2 7 17 14	0.000390930414386239
10 4 2 7 13 14	0.000422252718251874
10 4 12 4 20 11	0.000455114347479804
10 4 12 4 20 14	0.000410382681850826
10 4 12 4 13 11	0.000419375131054728
10 4 12 6 1 11	0.000410677618069815
10 4 12 6 17 11	0.000433416404810922
10 4 12 6 17 14	0.000411522633744856
10 4 12 6 13 14	0.0004657119571545
10 4 6 7 1 14	0.000467235136082233
10 4 6 7 10 14	0.000418892030579118
10 4 6 6 20 14	0.000458137670369946
10 4 6 6 13 11	0.000450298322638748
10 4 8 4 20 14	0.000438260107373726
10 4 8 4 17 11	0.000453360534965431
10 4 8 4 13 14	0.000422208148617268
10 4 8 6 1 11	0.000447377250866793
10 4 8 6 10 11	0.00043956043956044
10 4 8 6 17 14	0.000429138504452312
10 3 2 7 10 14	0.00043525571273123
10 3 2 4 20 11	0.000413821642871922
10 3 2 6 20 14	0.000455632759995444
10 3 2 6 17 11	0.000391389432485323
10 3 2 6 13 11	0.00046592894583576
10 3 2 6 13 14	0.000395961195802811
10 3 12 4 1 11	0.00046882325363338
10 3 12 4 1 14	0.000417231667883592
10 3 12 4 10 11	0.000437636761487965
10 3 12 6 10 14	0.000474777448071217
10 3 6 4 20 14	0.000474270808631729
10 3 6 4 1 11	0.000401404917210236
10 3 6 4 10 11	0.000391121541018872
10 3 6 4 17 11	0.000447277200044728
10 3 6 4 13 14	0.000434971726837756
10 3 6 6 1 14	0.000441549839938183
10 3 6 6 10 14	0.000408914332447352
10 3 6 6 17 14	0.000465766185374942
10 3 8 4 1 14	0.000457404230989137
10 3 8 4 10 14	0.000425079702444208
10 3 8 12 20 11	0.000410509031198686
20 4 2 7 1 11	0.000394555139080687
20 4 2 7 17 11	0.000426575663858377
20 4 2 7 13 11	0.0004742145820984
20 4 2 7 13 14	0.000402982067298005
20 4 12 4 20 11	0.000437062937062937
20 4 12 4 20 14	0.000394166338194718
20 4 12 6 17 11	0.000401123144805455
20 4 12 6 13 11	0.000470698987997176
20 4 12 6 13 14	0.000423011844331641
20 4 6 7 1 14	0.000451263537906137
20 4 6 7 10 14	0.00040016006402561
20 4 6 6 20 14	0.000434027777777778
20 4 6 6 13 11	0.000412924538040673
20 4 8 4 20 14	0.000421052631578947
20 4 8 4 17 11	0.000431406384814495
20 4 8 4 13 14	0.000391006842619746
20 4 8 6 1 11	0.000413778835212579
20 4 8 6 10 11	0.00040281973816717
20 4 8 6 17 11	0.000461733810458271
20 4 8 6 17 14	0.000393004519551975
20 4 8 6 13 14	0.000435682387539484
20 3 2 7 10 14	0.000421141292903769
20 3 2 4 20 11	0.000403429147755925
20 3 2 6 20 14	0.000435540069686411
20 3 2 6 13 11	0.000430802369413032
20 3 12 4 1 11	0.000447127207690588
20 3 12 4 1 14	0.00039769337840525
20 3 12 4 10 11	0.000409668168783286
20 3 12 4 17 14	0.000458873465641849
20 3 12 6 10 14	0.000435540069686411
20 3 6 4 20 14	0.000454390548676588
20 3 6 4 17 11	0.000420344682639765
20 3 6 4 13 14	0.000401324370422394
20 3 6 6 1 14	0.000413821642871922
20 3 6 6 10 11	0.000450958286358512
20 3 6 6 17 14	0.00042927666881305
20 3 8 4 1 14	0.000436824287430381
20 3 8 4 10 14	0.000400600901352028
20 3 8 6 10 14	0.000458452722063037
20 3 8 12 20 11	0.000404612583451345
13 4 2 7 1 11	0.00046098882102109
13 4 2 7 1 14	0.000391811147027133
13 4 2 7 10 11	0.000434404865334492
13 4 2 7 17 14	0.000437588885242315
13 4 2 7 13 14	0.000470920649870497
13 4 2 6 20 11	0.000419551080344032
13 4 12 4 20 14	0.000441452378324688
13 4 12 4 17 11	0.000411649686117114
13 4 12 4 13 11	0.000464360343626654
13 4 12 4 13 14	0.000396314277221837
13 4 12 6 1 11	0.000442918835123464
13 4 12 6 1 14	0.000393313667649951
13 4 12 6 10 11	0.000421096957574482
13 4 12 6 17 11	0.000473036896877956
13 4 12 6 17 14	0.000429092469427162
13 4 6 7 10 14	0.000459347726228755
13 4 6 4 20 11	0.000437588885242315
13 4 6 4 13 11	0.000407581006725087
13 4 6 6 1 11	0.000394905716260243
13 4 6 6 17 11	0.000411437975725159
13 4 6 6 13 14	0.000407249032783547
13 4 8 4 1 11	0.00045024763619991
13 4 8 4 10 11	0.00043360433604336
13 4 8 4 17 14	0.00043749316416931
13 4 8 6 1 14	0.000417014178482068
13 4 8 6 10 14	0.000398128794665074
13 3 2 4 20 14	0.00039647140449995
13 3 2 4 17 11	0.000390548720952939
13 3 2 4 13 11	0.000443458980044346
13 3 2 6 1 11	0.000417492954806388
13 3 2 6 10 11	0.000405761817812944
13 3 2 6 17 11	0.000442282176028306
13 3 2 6 13 14	0.000428540818512963
13 3 12 4 1 14	0.000451620187422378
13 3 12 4 10 14	0.000409710130082966
13 3 12 12 20 11	0.000411607326610414
13 3 6 4 1 11	0.000456256416105851
13 3 6 4 10 11	0.000439463854098
13 3 6 4 17 14	0.000423280423280423
13 3 6 6 1 14	0.000469814423302795
13 3 6 6 10 14	0.000437110698284341
13 3 8 12 20 11	0.000475454653512421
13 3 8 12 17 11	0.0004004004004004
13 3 8 12 13 11	0.000446378752371387
11 4 2 7 1 14	0.000418541383279272
11 4 2 7 10 11	0.000468713381767049
11 4 2 7 17 14	0.000467508181393174
11 4 2 6 20 11	0.000455373406193078
11 4 2 6 20 14	0.000393313667649951
11 4 2 6 13 11	0.000403795679386231
11 4 12 4 17 11	0.000443164192333259
11 4 12 4 17 14	0.000398406374501992
11 4 12 4 13 14	0.000431359861964844
11 4 12 6 1 14	0.000438548404780178
11 4 12 6 10 11	0.000465495170487606
11 4 12 6 10 14	0.00039733783649548
11 4 6 4 20 11	0.000474270808631729
11 4 6 4 20 14	0.000399082111144368
11 4 6 4 13 11	0.00045034902049088
11 4 6 6 1 11	0.000435634937922021
11 4 6 6 10 11	0.000429553264604811
11 4 6 6 17 11	0.000454648783814503
11 4 6 6 17 14	0.000392118419762768
11 4 6 6 13 14	0.000455788514129444
11 4 8 4 1 14	0.000402333534500101
11 4 8 6 1 14	0.000471198020968312
11 4 8 6 10 14	0.000445881172667484
11 3 2 4 20 14	0.000410424789657295
11 3 2 4 17 11	0.000408455018891045
11 3 2 4 13 11	0.000472199268091134
11 3 2 6 1 11	0.000441696113074205
11 3 2 6 10 11	0.000436728900534993
11 3 2 6 17 11	0.000468384074941452
11 3 2 6 17 14	0.000399361022364217
11 3 2 6 13 14	0.000458662997362688
11 3 12 4 1 14	0.000475567708952562
11 3 12 4 10 14	0.000436252590249755
11 3 12 12 20 11	0.000424583377560768
11 3 6 4 1 14	0.000397970351208835
11 3 6 4 17 14	0.000454081053468044
11 3 6 6 10 14	0.000474552141416538
11 3 8 12 20 14	0.000406256347755434
11 3 8 12 17 11	0.000425215265228022
11 3 8 12 13 14	0.000390243902439024
10 4 2 7 1 14	0.000352485019386676
10 4 2 7 10 11	0.000380916103228264
10 4 2 6 20 11	0.000379398653134781
10 4 2 6 20 14	0.000336558687421119
10 4 2 6 13 11	0.000335401643468053
10 4 12 4 17 11	0.000368120743603902
10 4 12 4 17 14	0.000344174840819136
10 4 12 4 13 14	0.0003723701359151
10 4 12 6 1 14	0.000379794910748196
10 4 12 6 10 11	0.000389067211360763
10 4 12 6 10 14	0.000342700479780672
10 4 6 4 20 11	0.000389977576289363
10 4 6 4 20 14	0.000339385711861531
10 4 6 4 13 11	0.000365530476103445
10 4 6 6 1 11	0.000364199216971684
10 4 6 6 10 11	0.000358326614709308
10 4 6 6 17 11	0.000374461711290021
10 4 6 6 17 14	0.000334336342360415
10 4 6 6 13 14	0.000389408099688474
10 4 8 4 1 11	0.000387859982546301
10 4 8 4 10 11	0.000378429517502365
10 4 8 4 17 14	0.000387484258452
10 4 8 6 1 14	0.000374181478016838
10 4 8 6 10 14	0.000359485935112789
10 3 2 4 20 14	0.000353950977789576
10 3 2 4 17 11	0.000340136054421769
10 3 2 4 13 11	0.0003882741215298
10 3 2 4 13 14	0.000329951332178504
10 3 2 6 1 11	0.000373657169546941
10 3 2 6 10 11	0.000365797896662094
10 3 2 6 17 14	0.000344887049491292
10 3 12 4 10 14	0.000377750495797526
10 3 12 12 20 11	0.00036347114947751
10 3 6 4 1 14	0.00034051247126926
10 3 6 4 17 14	0.000382482310193154
10 3 8 12 20 14	0.000341296928327645
10 3 8 12 17 11	0.000349070599528755
10 3 8 12 13 11	0.0003895218619145
20 4 2 7 1 14	0.000346710583340556
20 4 2 7 10 11	0.000367951430411186
20 4 2 7 17 14	0.000378680299157436
20 4 2 6 20 11	0.000363042294427301
20 4 12 4 17 11	0.000349070599528755
20 4 12 4 13 11	0.000388953714507974
20 4 12 4 13 14	0.000345990831242972
20 4 12 6 1 11	0.000385616504386388
20 4 12 6 1 14	0.000356665180561748
20 4 12 6 10 11	0.000358455058697016
20 4 12 6 17 14	0.000381170192490947
20 4 6 4 20 11	0.00037583388142441
20 4 6 4 13 11	0.000340338636943759
20 4 6 6 1 11	0.000344026834093059
20 4 6 6 10 11	0.00033375052148519
20 4 6 6 17 11	0.000348462409617562
20 4 6 6 13 14	0.000357557879681773
20 4 8 4 1 11	0.000370336079992593
20 4 8 4 10 11	0.000354893088457102
20 4 8 4 17 14	0.000366905155017428
20 4 8 6 1 14	0.000347493701676657
20 4 8 6 10 14	0.00033112582781457
20 3 2 4 20 14	0.000344619626087706
20 3 2 4 13 11	0.000365430294171387
20 3 2 6 1 11	0.0003553028957186
20 3 2 6 10 11	0.000342407122068139
20 3 2 6 17 11	0.000367849917233769
20 3 2 6 13 14	0.000365096750638919
20 3 12 4 10 14	0.000353356890459364
20 3 12 12 20 11	0.000355145165586433
20 3 6 4 1 11	0.0003826652635607
20 3 6 4 10 11	0.000367410673280059
20 3 6 4 17 14	0.000358873138345595
20 3 6 6 10 14	0.000379254764387978
20 3 8 12 20 14	0.000335936843873352
20 3 8 12 17 11	0.000338352224665877
20 3 8 12 13 11	0.000369242130527093
13 4 2 7 10 14	0.000361827227498869
13 4 2 4 20 11	0.000346680533888022
13 4 2 6 20 14	0.000361598264328331
13 4 2 6 13 11	0.000368663594470046
13 4 12 4 1 11	0.000363768643142961
13 4 12 4 10 11	0.000349986875492169
13 4 12 4 17 14	0.000368867576540022
13 4 12 6 10 14	0.00036036036036036
13 4 6 4 20 14	0.000369344413665743
13 4 6 4 17 11	0.000357366211024748
13 4 6 4 13 14	0.000336700336700337
13 4 6 6 1 14	0.000338753387533875
13 4 6 6 10 11	0.000388802488335925
13 4 6 6 17 14	0.000354264458418209
13 4 8 4 1 14	0.000368901595499401
13 4 8 4 10 14	0.00035301385579384
13 4 8 12 20 11	0.000349833828931258
13 3 2 4 1 11	0.000350631136044881
13 3 2 4 10 11	0.000344234079173838
13 3 2 4 17 14	0.000335289186923722
13 3 2 4 13 14	0.000367309458218549
13 3 2 6 1 14	0.000354295837023915
13 3 2 6 10 14	0.00033775225871823
13 3 2 6 17 14	0.000377964660304262
13 3 12 8 20 11	0.000332917186849771
13 3 12 12 20 14	0.000352764794073551
13 3 12 12 17 11	0.000330005775101064
13 3 12 12 13 11	0.00036556388228843
13 3 6 4 1 14	0.000373412994772218
13 3 6 4 10 14	0.000358905338716913
13 3 6 12 20 11	0.000365998719004483
13 3 6 12 13 11	0.00032932652725177
13 3 8 8 20 11	0.000366770584999083
13 3 8 8 13 11	0.000335120643431635
13 3 8 12 20 14	0.000389180774469741
13 3 8 12 1 11	0.000353669319186561
13 3 8 12 10 11	0.000345691815746262
13 3 8 12 17 14	0.00033921302578019
13 3 8 12 13 14	0.000364531121844527
11 4 2 7 10 14	0.000388387222060394
11 4 2 4 20 11	0.000367714653428939
11 4 2 4 13 11	0.000346500346500347
11 4 2 6 1 11	0.000332612672542824
11 4 2 6 10 11	0.000336106209562222
11 4 2 6 17 11	0.000349131535305927
11 4 2 6 13 14	0.000341880341880342
11 4 12 4 1 11	0.000389825553065003
11 4 12 4 1 14	0.000344086021505376
11 4 12 4 10 11	0.000380698581897782
11 4 6 4 1 11	0.000350170708220257
11 4 6 4 10 11	0.000353575532573146
11 4 6 4 17 11	0.00038933229511388
11 4 6 4 17 14	0.000330387379202114
11 4 6 4 13 14	0.0003678837487354
11 4 6 6 1 14	0.000375023438964935
11 4 6 6 10 14	0.000359971202303816
11 4 8 4 10 14	0.000386996904024768
11 4 8 12 20 11	0.000373866716515562
11 4 8 12 13 11	0.000357877784736512
11 3 2 4 1 11	0.000366401025922873
11 3 2 4 10 11	0.000367748460053324
11 3 2 4 17 14	0.000349589232651634
11 3 2 4 13 14	0.000388311814386953
11 3 2 6 1 14	0.000374146478346273
11 3 2 6 10 14	0.000360230547550432
11 3 12 8 20 11	0.000344234079173838
11 3 12 12 20 14	0.000361532899493854
11 3 12 12 17 11	0.000342847347218651
11 3 12 12 13 11	0.000386847195357834
11 3 6 4 10 14	0.000386063121320336
11 3 6 12 20 11	0.000384098329172268
11 3 6 12 13 11	0.0003553028957186
11 3 8 8 20 11	0.000384430562229697
11 3 8 8 20 14	0.000332143153699244
11 3 8 8 13 11	0.000357525920629246
11 3 8 12 1 11	0.000375410605349601
11 3 8 12 10 11	0.000373273609555804
11 3 8 12 17 14	0.000357493967289302
10 4 2 7 10 14	0.000324675324675325
10 4 2 4 20 11	0.000304715471928087
10 4 12 4 1 11	0.000327707684745207
10 4 12 4 1 14	0.000301227502070939
10 4 12 4 10 11	0.000315407664406245
10 4 6 4 17 11	0.000317510715986665
10 4 6 4 13 14	0.000312158576556891
10 4 6 6 1 14	0.000322242809957303
10 4 6 6 10 14	0.000308499151627333
10 4 8 4 1 14	0.00032441200324412
10 4 8 4 10 14	0.000312548835755587
10 4 8 12 20 11	0.000302023557837511
10 3 2 4 1 11	0.000306630893062476
10 3 2 4 10 11	0.000303882093747626
10 3 2 4 17 14	0.000299558151726204
10 3 2 6 1 14	0.000327466230045027
10 3 2 6 10 14	0.000311187179088222
10 3 12 8 20 11	0.000303352040042469
10 3 12 12 20 14	0.00032136257732787
10 3 12 12 13 11	0.000326370757180157
10 3 6 4 10 14	0.000327412621756569
10 3 6 12 20 11	0.000323781771086288
10 3 8 8 20 11	0.000320769847634322
10 3 8 8 13 11	0.000297751972606819
10 3 8 12 1 11	0.000306138068268789
10 3 8 12 10 11	0.000303536196691455
10 3 8 12 17 14	0.000299356383774884
10 3 8 12 13 14	0.000321802091713596
20 4 2 7 10 14	0.000314490132872081
20 4 2 4 20 11	0.000297464118390719
20 4 2 6 20 14	0.000322164948453608
20 4 2 6 13 11	0.000311890838206628
20 4 12 4 1 11	0.000315407664406245
20 4 12 4 10 11	0.000296493958935587
20 4 12 4 17 14	0.000326237664138325
20 4 12 6 10 14	0.00031640563202025
20 4 6 4 20 14	0.000327493040772884
20 4 6 4 17 11	0.000300684056227918
20 4 6 6 1 14	0.000304529881994671
20 4 6 6 17 14	0.000311575011684063
20 4 8 4 1 14	0.000310366232153942
20 4 8 12 20 11	0.0002966038855109
20 3 2 4 1 11	0.00029753049687593
20 3 2 4 17 11	0.000326770688669226
20 3 2 4 13 14	0.000309693403530505
20 3 2 6 1 14	0.000310945273631841
20 3 2 6 17 14	0.000323493732308937
20 3 12 8 20 11	0.00029753049687593
20 3 12 12 20 14	0.000313700886205004
20 3 12 12 13 11	0.000307125307125307
20 3 6 4 1 14	0.000325097529258778
20 3 6 4 10 14	0.000308024025874018
20 3 6 12 20 11	0.000317561130517625
20 3 8 8 20 11	0.000314465408805031
20 3 8 12 1 11	0.000297774138316087
20 3 8 12 13 14	0.000303352040042469
13 4 2 4 20 14	0.000297375659802245
13 4 2 4 13 11	0.000320924261874198
13 4 2 6 1 11	0.00030833269097356
13 4 2 6 10 11	0.000307976593778873
13 4 2 6 17 11	0.000323807981866753
13 4 2 6 13 14	0.000313996389041526
13 4 12 4 1 14	0.000320898515844364
13 4 12 4 10 14	0.000300684056227918
13 4 12 12 20 11	0.000301136791387488
13 4 6 4 1 11	0.000323023499959622
13 4 6 4 10 11	0.000323023499959622
13 4 6 4 17 14	0.000304901288207943
13 4 6 6 10 14	0.000327466230045027
13 4 8 12 17 11	0.000301318267419962
13 4 8 12 13 11	0.000327895729158128
13 3 2 4 1 14	0.00029806259314456
13 3 2 12 20 11	0.000299513290902284
13 3 12 8 20 14	0.000304669053240917
13 3 12 12 1 11	0.000301000827752276
13 3 12 12 13 14	0.000311380974622451
13 3 6 12 20 14	0.00030750307503075
13 3 8 8 20 14	0.000318420633657061
13 3 8 8 17 11	0.000303859009419629
11 4 2 4 20 14	0.000314169022934339
11 4 2 4 17 11	0.00030957356241777
11 4 2 6 17 14	0.000304994281357225
11 4 12 4 10 14	0.000324254215304799
11 4 12 12 20 11	0.00031638060586886
11 4 6 4 1 14	0.000297132669737038
11 4 8 12 20 14	0.00031041440322831
11 4 8 12 17 11	0.000323101777059774
11 3 2 4 1 14	0.00030993336432667
11 3 2 4 10 14	0.000304576258280667
11 3 2 12 20 11	0.000309214594928881
11 3 12 8 20 14	0.000314490132872081
11 3 12 8 13 11	0.000309095124024419
11 3 12 12 1 11	0.000311720698254364
11 3 12 12 10 11	0.000310510790249961
11 3 12 12 17 14	0.000301068794219479
11 3 12 12 13 14	0.000325785958625183
11 3 6 8 20 11	0.000306278713629403
11 3 6 12 20 14	0.000320051208193311
11 3 6 12 17 11	0.000310510790249961
11 3 8 8 17 11	0.000317435124196492
11 3 8 8 13 14	0.000307763329999231
11 3 8 12 1 14	0.000309358081979892
11 3 8 12 10 14	0.000302228938420854
10 4 2 4 20 14	0.000269088462832156
10 4 2 4 13 11	0.000285001781261133
10 4 2 6 1 11	0.000281293952180028
10 4 2 6 10 11	0.000280406589554855
10 4 2 6 17 11	0.000291800408520572
10 4 2 6 13 14	0.000294442399705558
10 4 12 4 10 14	0.000279134682484299
10 4 12 12 20 11	0.000269759913676828
10 4 6 4 1 11	0.000290170475154153
10 4 6 4 10 11	0.00029120559114735
10 4 6 4 17 14	0.000280603297088741
10 4 8 12 13 11	0.000285469597487868
10 3 2 4 1 14	0.000269088462832156
10 3 12 8 20 14	0.000287852619458837
10 3 12 8 13 11	0.00027063599458728
10 3 12 12 1 11	0.000269778107506576
10 3 12 12 17 11	0.000293405706740996
10 3 12 12 17 14	0.000267970791183761
10 3 12 12 13 14	0.000287335679908053
10 3 6 12 20 14	0.000279935614808594
10 3 6 12 13 11	0.000293944738389183
10 3 8 8 20 14	0.000284272617440125
10 3 8 8 17 11	0.00027122321670735
20 4 2 4 13 11	0.000269723533378287
20 4 2 6 1 11	0.000268781077812122
20 4 2 6 17 11	0.000275805005860856
20 4 2 6 13 14	0.000274085240509799
20 4 12 4 1 14	0.000290107339715695
20 4 6 4 1 11	0.000279232111692845
20 4 6 4 10 11	0.000274876305662452
20 4 6 4 17 14	0.000266933600266934
20 4 6 4 13 14	0.00029218407596786
20 4 6 6 10 14	0.000287873335732278
20 4 8 4 10 14	0.000294876520457059
20 4 8 12 13 11	0.000269741722300897
20 3 2 4 10 11	0.000288808664259928
20 3 2 4 17 14	0.000286697247706422
20 3 2 6 10 14	0.000291396517811612
20 3 12 8 20 14	0.000282925449144151
20 3 12 12 17 11	0.00028216704288939
20 3 12 12 13 14	0.000270197243988111
20 3 6 12 20 14	0.000274179176091576
20 3 6 12 13 11	0.000277893566763929
20 3 8 8 20 14	0.00027972027972028
20 3 8 8 13 11	0.000283708064401731
20 3 8 12 10 11	0.000290718802238535
20 3 8 12 17 14	0.000288080662585524
13 4 2 4 17 11	0.0002916514764856
13 4 2 4 13 14	0.00027410402247653
13 4 2 6 1 14	0.00027010601661152
13 4 2 6 17 14	0.000283607487237663
13 4 12 12 20 14	0.000266808964781217
13 4 12 12 13 11	0.000268582555563016
13 4 6 4 1 14	0.000276033400041405
13 4 6 4 10 14	0.000272405339144647
13 4 6 12 20 11	0.000275747966358748
13 4 8 8 20 11	0.0002767400027674
13 4 8 12 20 14	0.000293147673140344
13 4 8 12 10 11	0.000266880170803309
13 4 8 12 13 14	0.000273168066653008
13 3 2 4 10 14	0.000288101411696917
13 3 2 12 13 11	0.000271168056402956
13 3 12 8 17 11	0.000269070361899637
13 3 12 8 13 11	0.000294334069168506
13 3 12 12 10 11	0.000292804333504136
13 3 12 12 17 14	0.000291142004512701
13 3 6 8 20 11	0.000292718624222466
13 3 6 12 1 11	0.000272423891575291
13 3 6 12 10 11	0.00027531144607337
13 3 6 12 17 11	0.000292333552583498
13 3 6 12 13 14	0.000274235568353215
13 3 8 8 1 11	0.000272907143344477
13 3 8 8 17 14	0.00027249812657538
13 3 8 8 13 14	0.000291417747340813
13 3 8 12 1 14	0.000293879950040408
13 3 8 12 10 14	0.000283949740895861
11 4 2 4 1 11	0.000279935614808594
11 4 2 4 10 11	0.000285001781261133
11 4 2 4 17 14	0.000270361608651571
11 4 2 4 13 14	0.000293685756240822
11 4 2 6 1 14	0.000290887935422878
11 4 2 6 10 14	0.00028534741047225
11 4 12 12 20 14	0.000278473962684489
11 4 12 12 13 11	0.000287108814240597
11 4 6 4 10 14	0.000294767870302137
11 4 6 12 20 11	0.000292740046838407
11 4 6 12 13 11	0.000268366320026837
11 4 8 8 20 11	0.00029353489396052
11 4 8 8 13 11	0.000275881095247948
11 4 8 12 1 11	0.000284212022168538
11 4 8 12 10 11	0.000289059112588524
11 4 8 12 17 14	0.000275065328015404
11 4 8 12 13 14	0.000294854784018871
11 3 2 12 13 11	0.000286430361618332
11 3 12 8 17 11	0.000277469478357381
11 3 12 8 13 14	0.000277565748386649
11 3 12 12 1 14	0.000271499355189031
11 3 6 8 20 14	0.000273186723125256
11 3 6 8 13 11	0.000275747966358748
11 3 6 12 1 11	0.000287790488524354
11 3 6 12 10 11	0.000295551943254027
11 3 6 12 13 14	0.000291842988472202
11 3 8 8 1 11	0.000284596229099964
11 3 8 8 10 11	0.000282785436550018
11 3 8 8 17 14	0.000282845424975251
10 4 2 4 17 11	0.000258197779499096
10 4 2 6 1 14	0.000253968253968254
10 4 2 6 17 14	0.000264061262212833
10 4 6 4 1 14	0.000256295252130454
10 4 6 4 10 14	0.000251303637620155
10 4 8 12 20 14	0.000258431321876211
10 4 8 12 17 11	0.000262708524891633
10 3 2 4 10 14	0.000260078023407022
10 3 2 12 20 11	0.000263348475870696
10 3 12 8 13 14	0.000253630080527551
10 3 12 12 10 11	0.000263105965927777
10 3 6 8 20 11	0.000266542280269208
10 3 6 12 17 11	0.000259892144759925
10 3 6 12 13 14	0.000252334090335604
10 3 8 8 13 14	0.000263019463440295
10 3 8 12 1 14	0.000259386550807341
10 3 8 12 10 14	0.000253004427577483
20 4 2 4 20 14	0.000263140582856391
20 4 2 6 10 11	0.000262777558796479
20 4 12 4 10 14	0.000263469898564089
20 4 12 12 20 11	0.000264795445518337
20 4 8 12 20 14	0.000254793298936238
20 4 8 12 17 11	0.00025372660957818
20 3 2 4 1 14	0.000260994388620645
20 3 2 12 20 11	0.000260586319218241
20 3 12 8 13 11	0.000256739409499358
20 3 12 12 1 11	0.000262536098713573
20 3 12 12 17 14	0.000257052888631836
20 3 6 8 20 11	0.000262174739463853
20 3 8 8 17 11	0.00026476039184538
20 3 8 12 1 14	0.000251984376968628
13 4 2 4 1 11	0.000264061262212833
13 4 2 4 10 11	0.000264480296217932
13 4 2 4 17 14	0.000255411531830662
13 4 2 6 10 14	0.000263921879123779
13 4 12 8 20 11	0.000252222712655275
13 4 8 8 13 11	0.000257449958164382
13 4 8 12 1 11	0.00026525198938992
13 4 8 12 17 14	0.000258014577823647
13 3 2 12 20 14	0.000257599175682638
13 3 12 8 13 14	0.000266258403780869
13 3 12 12 1 14	0.000263991552270327
13 3 12 12 10 14	0.000251461620670145
13 3 6 8 20 14	0.000262260687123
13 3 6 8 13 11	0.000259925921112483
13 3 8 8 10 11	0.000265992818193909
11 4 12 8 20 11	0.00026467279825316
11 4 12 12 17 11	0.000261814373609111
11 4 6 12 20 14	0.000253020431399836
11 4 8 8 20 14	0.000259757127086174
11 4 8 8 17 11	0.000252988425779521
11 3 2 8 20 11	0.000251414204902577
11 3 2 12 20 14	0.000264043831275992
11 3 2 12 17 11	0.000259521183416596
11 3 12 8 1 11	0.00025350148932125
11 3 12 8 17 14	0.000257698750161062
11 3 12 12 10 14	0.000263002169767901
11 3 6 12 17 14	0.00026265677326154
10 4 2 4 13 14	0.000250862339291314
10 4 2 6 10 14	0.000245459008345606
10 4 12 12 20 14	0.000246411630628966
10 4 12 12 13 11	0.000244394207857274
10 4 6 12 20 11	0.000247954376394743
10 4 8 8 20 11	0.00024440914090187
10 4 8 12 13 14	0.000242028196284867
10 3 2 12 13 11	0.000241080038572806
10 3 12 8 17 11	0.000245609726145155
10 3 12 12 1 14	0.000244857982370225
10 3 6 8 20 14	0.000246487552378605
10 3 6 12 1 11	0.000244603436678285
10 3 6 12 10 11	0.000248185146119005
10 3 8 8 1 11	0.00024268899405412
10 3 8 8 17 14	0.000246989811670269
20 4 2 4 17 11	0.000249221183800623
20 4 2 6 1 14	0.00024268899405412
20 4 2 6 17 14	0.000249953133787415
20 4 12 12 20 14	0.0002419989110049
20 4 6 4 1 14	0.000247463499133878
20 4 6 12 20 11	0.000244200244200244
20 4 8 8 20 11	0.000241633442068382
20 3 2 4 10 14	0.000247846830658653
20 3 12 8 13 14	0.000241210878610625
20 3 12 12 10 11	0.000250453947780352
20 3 6 8 20 14	0.000243072435585805
20 3 6 12 17 11	0.000249875062468766
20 3 8 8 17 14	0.000240312406127966
20 3 8 8 13 14	0.000250422588117448
20 3 8 12 10 14	0.000243249817562637
13 4 12 12 17 11	0.000249034989416013
13 4 6 12 20 14	0.000240139280782854
13 4 6 12 13 11	0.000248323814253787
13 4 8 8 20 14	0.000245957080489455
13 4 8 8 17 11	0.000240456868049294
13 3 2 8 20 11	0.000244678248103744
13 3 2 12 17 11	0.000249984375976501
13 3 12 8 1 11	0.000246867863975807
13 3 12 8 17 14	0.000250015625976624
13 3 6 12 17 14	0.000249563264287497
13 3 8 8 1 14	0.000241109101868596
11 4 2 4 1 14	0.000244783061012178
11 4 2 4 10 14	0.000243783520234032
11 4 2 12 20 11	0.000244872972145699
11 4 12 8 20 14	0.000249563264287497
11 4 12 12 1 11	0.000241560480705357
11 4 12 12 10 11	0.000243531202435312
11 4 12 12 13 14	0.000250328556230052
11 4 6 8 20 11	0.000240543628600637
11 4 6 12 17 11	0.000240283534570794
11 4 8 8 13 14	0.000241852590845879
11 4 8 12 1 14	0.000240009600384015
11 4 8 12 10 14	0.000240949340401181
11 3 2 12 1 11	0.000239865675221876
11 3 2 12 10 11	0.000244513723332722
11 3 2 12 13 14	0.000242924814769829
11 3 12 8 10 11	0.000244274809160305
11 3 6 8 17 11	0.000244483833506509
11 3 6 8 13 14	0.000241283628905779
11 3 6 12 1 14	0.000244289727616954
11 3 6 12 10 14	0.000247050830708418
11 3 8 8 1 14	0.000249563264287497
11 3 8 8 10 14	0.000241516725033209
10 4 2 4 1 11	0.00023623907394283
10 4 2 4 10 11	0.000236672386249334
10 4 2 4 17 14	0.000232991612301957
10 4 12 8 20 11	0.000234096096447592
10 4 12 8 20 14	0.000227894257064722
10 4 12 12 17 11	0.000226231547989367
10 4 6 12 13 11	0.000226295541977823
10 4 8 8 13 11	0.000230043708304578
10 4 8 12 1 11	0.000231427910205971
10 4 8 12 10 11	0.000235224933842987
10 4 8 12 17 14	0.00022878059940517
10 3 2 12 20 14	0.000232815319248007
10 3 12 8 1 11	0.000228349603242564
10 3 12 8 17 14	0.000236532434510082
10 3 12 12 10 14	0.000231749710312862
10 3 6 8 13 11	0.000238166120869306
10 3 6 12 17 14	0.000228859137201053
10 3 8 8 10 11	0.000235238767348859
20 4 2 4 1 11	0.000230880230880231
20 4 2 4 10 11	0.000225759115024269
20 4 2 4 17 14	0.000225187186849068
20 4 2 4 13 14	0.000237925291458482
20 4 2 6 10 14	0.000231026914635555
20 4 12 8 20 11	0.000232288037166086
20 4 12 8 20 14	0.000226462095906698
20 4 12 12 13 11	0.00023263929277655
20 4 6 4 10 14	0.000238450074515648
20 4 8 12 1 11	0.000225644497094827
20 4 8 12 10 11	0.000225060485005345
20 4 8 12 13 14	0.000229397258702759
20 3 2 12 20 14	0.000230162840209448
20 3 2 12 13 11	0.00023094688221709
20 3 12 8 17 11	0.000237854551941488
20 3 12 8 17 14	0.000229081954069068
20 3 12 12 1 14	0.000237953599048186
20 3 6 8 13 11	0.000227673743525528
20 3 6 12 1 11	0.00023853539268889
20 3 6 12 10 11	0.000237318303174132
20 3 6 12 13 14	0.000238920081232828
20 3 8 8 1 11	0.000238265427686443
20 3 8 8 10 11	0.000225924879977408
13 4 2 4 1 14	0.00023191094619666
13 4 2 4 10 14	0.000228532251614009
13 4 2 12 20 11	0.000233945490700667
13 4 12 8 20 14	0.000237953599048186
13 4 12 8 13 11	0.000225771857537958
13 4 12 12 1 11	0.000230414746543779
13 4 12 12 10 11	0.00022802417056208
13 4 12 12 17 14	0.00022521254433872
13 4 12 12 13 14	0.000236896653834765
13 4 6 8 20 11	0.000227816379997722
13 4 6 12 17 11	0.000225339417497606
13 4 8 8 13 14	0.000227621919990895
13 4 8 12 1 14	0.000225873849455079
13 4 8 12 10 14	0.000225669957686883
13 3 2 12 1 11	0.000231360980970559
13 3 2 12 10 11	0.000231120355925348
13 3 2 12 13 14	0.000232045480914259
13 3 12 8 1 14	0.000229331498681344
13 3 12 8 10 11	0.000233236151603499
13 3 6 8 17 11	0.000234384155631079
13 3 6 8 13 14	0.000230295353791237
13 3 6 12 1 14	0.000233494833926799
13 3 6 12 10 14	0.000233168172544448
13 3 8 8 10 14	0.000230162840209448
11 4 2 12 13 11	0.000226693114196656
11 4 12 8 13 11	0.000238920081232828
11 4 12 12 17 14	0.000235529647294353
11 4 6 12 1 11	0.000226783081982084
11 4 6 12 10 11	0.000235418751103525
11 4 6 12 13 14	0.0002298190175237
11 4 8 8 1 11	0.000225886604924328
11 4 8 8 10 11	0.000225377507324769
11 4 8 8 17 14	0.00022737608003638
11 3 2 8 20 14	0.000226590381238316
11 3 2 8 13 11	0.000232531101034763
11 3 2 12 17 14	0.000225861095426313
11 3 12 8 1 14	0.000234645392151112
11 3 6 8 1 11	0.000228506141102542
11 3 6 8 10 11	0.000229476220526648
10 4 12 12 13 14	0.000222506536129499
10 4 6 12 20 14	0.000221631205673759
10 4 8 8 20 14	0.000222779170147591
10 3 2 8 20 11	0.000220555800617556
10 3 2 12 17 11	0.000222296320995888
10 3 12 8 1 14	0.000219695721425825
10 3 8 8 1 14	0.000218962119553317
20 4 12 12 17 11	0.000219683655536028
20 4 8 8 20 14	0.000221889388140012
20 4 8 8 13 11	0.000220531480868894
20 4 8 12 17 14	0.000221067757267603
20 3 2 8 20 11	0.000219118049849356
20 3 12 8 1 11	0.00022445429549408
20 3 12 12 10 14	0.000221092195445501
20 3 6 12 17 14	0.000220312844238819
13 4 6 12 10 11	0.000218998083766767
13 3 2 8 20 14	0.000221815560361559
13 3 2 8 13 11	0.000222605598530803
13 3 2 12 17 14	0.00021863897239683
13 3 6 8 1 11	0.000220070422535211
11 4 12 8 17 11	0.000220811482197074
11 4 12 8 13 14	0.00022066530589728
11 4 6 8 20 14	0.000222642769676055
11 3 12 8 10 14	0.000219623345961676
10 4 2 4 1 14	0.00021402964310557
10 4 12 8 13 11	0.000211528291909043
10 4 12 12 1 11	0.00021117094287826
10 4 12 12 17 14	0.000211561855397472
10 4 6 8 20 11	0.000211550666384599
10 4 8 8 17 11	0.000215691561067673
10 3 2 12 13 14	0.00021232549498381
10 3 12 8 10 11	0.000214304848647201
10 3 6 8 17 11	0.000213515533255044
10 3 6 8 13 14	0.000217805608494419
10 3 6 12 1 14	0.000216041047799082
10 3 6 12 10 14	0.000214868929952729
20 4 12 12 13 14	0.000212167824749377
20 4 6 12 20 14	0.000218269125832151
20 4 6 12 13 11	0.000216356555603635
20 4 8 8 17 11	0.000210914843132085
20 3 2 12 17 11	0.000216731686172518
20 3 12 8 1 14	0.000216262975778547
20 3 8 8 1 14	0.000215505630084586
13 4 2 12 13 11	0.000213196887325445
13 4 12 8 17 11	0.000211841965893443
13 4 6 8 20 14	0.000211237853823405
13 4 6 12 1 11	0.000213583938487826
13 4 6 12 13 14	0.00021545919741449
13 4 8 8 1 11	0.000215042202032149
13 4 8 8 10 11	0.000211774671749259
13 4 8 8 17 14	0.000217025663284683
13 3 12 8 10 14	0.000212212849488037
13 3 6 8 10 11	0.000217485863418878
13 3 6 8 17 14	0.000211092933664046
11 4 2 12 20 14	0.000215854514057525
11 4 12 12 1 14	0.000217367677426367
11 4 12 12 10 14	0.000213287831929188
11 4 6 8 13 11	0.000217497689087053
11 3 2 8 17 11	0.000214419726614849
11 3 6 8 17 14	0.000218245307725884
10 4 2 4 10 14	0.000209172201014485
10 4 2 12 20 11	0.000209183139838929
10 4 12 8 17 11	0.000197034628836018
10 4 12 8 13 14	0.000202973562693459
10 4 12 12 1 14	0.000197092880019709
10 4 12 12 10 11	0.00020788940283769
10 4 6 8 20 14	0.000201633229156165
10 4 6 12 10 11	0.000200471107101689
10 4 6 12 17 11	0.000204844574179341
10 4 6 12 13 14	0.000201694231544978
10 4 8 8 17 14	0.000197716375858831
10 4 8 8 13 14	0.000207135829320077
10 4 8 12 1 14	0.000202234693361646
10 4 8 12 10 14	0.000202500885941376
10 3 2 8 20 14	0.000205962617784872
10 3 2 8 13 11	0.000202470135654991
10 3 2 12 1 11	0.000207662755684768
10 3 2 12 10 11	0.000207749039160694
10 3 2 12 17 14	0.0002
10 3 12 8 10 14	0.000200591745649667
10 3 6 8 1 11	0.000203717850776674
10 3 6 8 10 11	0.000200010000500025
10 3 6 8 17 14	0.000198501315071212
10 3 8 8 10 14	0.000207404334750596
20 4 2 4 1 14	0.000209292591042277
20 4 2 4 10 14	0.000200722601364914
20 4 2 12 20 11	0.000207695103587933
20 4 12 8 13 11	0.000203977562468129
20 4 12 12 1 11	0.000207382828701783
20 4 12 12 10 11	0.00019939185484273
20 4 12 12 17 14	0.000205402074560953
20 4 6 8 20 11	0.00021043771043771
20 4 6 8 20 14	0.000200974727428026
20 4 6 12 17 11	0.000199064397332537
20 4 8 8 13 14	0.000199600798403194
20 4 8 12 1 14	0.000198176773682124
20 3 2 8 20 14	0.000205107168495539
20 3 2 12 1 11	0.00020461404675431
20 3 2 12 10 11	0.0002002002002002
20 3 2 12 13 14	0.000203345025672309
20 3 12 8 10 11	0.000206291903042806
20 3 6 8 1 11	0.000201116194881593
20 3 6 8 17 11	0.000207447360232341
20 3 6 8 13 14	0.000209281640768064
20 3 6 12 1 14	0.000210670458734924
20 3 6 12 10 14	0.000205962617784872
20 3 8 8 10 14	0.000200944438862654
13 4 2 8 20 11	0.000197961001682669
13 4 2 12 20 14	0.000207565772404131
13 4 2 12 17 11	0.000200581686891987
13 4 12 8 1 11	0.00019744311170344
13 4 12 8 17 14	0.000200060018005402
13 4 12 8 13 14	0.000210050937352308
13 4 12 12 1 14	0.000208702911405614
13 4 12 12 10 14	0.000202316524202114
13 4 6 8 13 11	0.000204949531177947
13 4 6 12 17 14	0.00019915359721185
13 3 2 8 17 11	0.000208702911405614
13 3 2 8 13 14	0.000199371978268454
13 3 2 12 1 14	0.00020351055711015
13 3 2 12 10 14	0.000201187003319586
13 3 6 8 1 14	0.000200732674261053
11 4 2 8 20 11	0.000205708408331191
11 4 2 12 1 11	0.000196531223898197
11 4 2 12 10 11	0.000200934344702868
11 4 2 12 17 11	0.00020997375328084
11 4 2 12 13 14	0.000198678786072617
11 4 12 8 1 11	0.000204970535485524
11 4 12 8 10 11	0.000199371978268454
11 4 12 8 17 14	0.000208279093985941
11 4 6 8 17 11	0.000197735923673933
11 4 6 8 13 14	0.000197892445455895
11 4 6 12 1 14	0.000199850112415688
11 4 6 12 10 14	0.000203842429801763
11 4 6 12 17 14	0.000210360241914278
11 4 8 8 1 14	0.000202193802759945
11 4 8 8 10 14	0.000198009999504975
11 3 2 8 1 11	0.000198245527085295
11 3 2 8 10 11	0.000197131733280765
11 3 2 8 13 14	0.000206206825445922
11 3 2 12 1 14	0.000209720547370629
11 3 2 12 10 14	0.000210526315789474
11 3 6 8 1 14	0.000206622242884446
11 3 6 8 10 14	0.000202901491325961
10 4 2 12 13 11	0.000193704600484261
10 4 12 8 17 14	0.000192316938314342
10 4 6 8 13 11	0.000191975427145325
10 4 6 12 1 11	0.000195809672997846
10 4 8 8 1 11	0.000193489092052436
10 3 6 8 1 14	0.000191570881226054
20 4 12 8 17 11	0.000193115434751122
20 4 12 8 13 14	0.000196357567129743
20 4 12 12 1 14	0.000193348801237432
20 4 6 12 1 11	0.000192492781520693
20 4 6 12 10 11	0.000192891932294932
20 4 6 12 13 14	0.000193423597678917
20 4 8 8 1 11	0.000191387559808612
20 4 8 8 17 14	0.000193751513683701
20 4 8 12 10 14	0.000195369737227703
20 3 2 8 13 11	0.000195532091704551
20 3 2 12 17 14	0.000194798870166553
20 3 12 8 10 14	0.000194042883477248
20 3 6 8 10 11	0.000193358147628946
20 3 6 8 17 14	0.000193770285326745
13 4 6 12 10 14	0.000191938579654511
13 4 8 8 1 14	0.000193704600484261
13 3 2 8 1 11	0.000193526537326431
13 3 6 8 10 14	0.000194732486247018
11 4 2 8 20 14	0.000191314329443275
11 4 12 8 1 14	0.00019476093095725
11 3 2 8 17 14	0.000193162062970833
10 4 2 12 20 14	0.000190594177347882
10 4 12 12 10 14	0.000188821752265861
10 4 8 8 10 11	0.000190041809198024
10 3 2 8 17 11	0.000189636372256199
10 3 2 12 1 14	0.000188120208813432
20 4 2 12 20 14	0.000189367040666572
20 4 2 12 13 11	0.000187257150882449
20 4 12 8 17 14	0.000188893086513034
20 3 6 8 1 14	0.000189636372256199
13 4 2 12 1 11	0.000187961092053945
13 4 2 12 10 11	0.000189232661557385
13 4 2 12 13 14	0.000188599179593569
13 4 12 8 1 14	0.00018807598269701
13 4 12 8 10 11	0.000189465706707086
13 4 6 8 17 11	0.000188991259154264
13 4 6 8 13 14	0.00018833278402938
13 4 6 12 1 14	0.000189924505009259
13 4 8 8 10 14	0.000188368259948199
13 3 2 8 10 11	0.000188857412653447
13 3 2 8 17 14	0.000189223709730829
11 4 2 8 13 11	0.000191195449548301
11 4 2 12 17 14	0.000187608461141597
11 4 6 8 1 11	0.000188386002919983
11 4 6 8 10 11	0.000189789333839438
10 4 2 8 20 11	0.000182248952068526
10 4 2 12 17 11	0.00018240685849788
10 4 12 8 1 11	0.000186133085155886
10 4 12 8 1 14	0.00018240685849788
10 4 6 12 17 14	0.000186193734580831
10 3 2 8 13 14	0.000186523665190021
10 3 2 12 10 14	0.000184783110823671
10 3 6 8 10 14	0.000183376885343602
20 4 2 8 20 11	0.000182731841023298
20 4 12 8 1 11	0.000185039552204284
20 4 12 12 10 14	0.000181933957973256
20 4 6 8 13 11	0.000186497575531518
20 4 8 8 10 11	0.000184314809694959
20 3 2 8 17 11	0.000186063819890222
20 3 2 12 1 14	0.000185133759140979
13 4 2 8 20 14	0.000184825801681915
13 4 2 8 13 11	0.000182157657452525
11 4 12 8 10 14	0.000184748972333841
11 4 6 8 17 14	0.000181925683358348
10 4 2 12 13 14	0.000176064087327787
10 4 12 8 10 11	0.000177336407164391
10 4 6 8 17 11	0.000176025347650062
10 4 6 8 13 14	0.000181118406158026
10 4 6 12 1 14	0.000178571428571429
10 4 6 12 10 14	0.000179131213613972
10 4 8 8 1 14	0.000178547515957684
10 3 2 8 1 11	0.000178388262052357
10 3 2 8 17 14	0.000176530297012225
20 4 2 8 20 14	0.000175300201595232
20 4 2 12 17 11	0.000179267691480303
20 4 12 8 1 14	0.000181455271275631
20 4 6 8 13 14	0.000176655036876739
20 4 6 12 1 14	0.000175716042874714
20 4 6 12 17 14	0.000181496438132402
20 4 8 8 1 14	0.000177746178457163
20 3 2 8 1 11	0.00017734426956329
20 3 2 8 13 14	0.000180766449746927
20 3 2 12 10 14	0.000178635226866738
20 3 6 8 10 14	0.000178276953246869
13 4 2 12 17 14	0.00018018018018018
13 4 12 8 10 14	0.000177195003100913
13 4 6 8 1 11	0.000180684795374469
13 4 6 8 10 11	0.000179912742319975
13 4 6 8 17 14	0.000175192711983181
13 3 2 8 1 14	0.000178126113288208
11 4 2 8 17 11	0.000179791441927364
11 4 2 12 1 14	0.000177163610594384
11 4 2 12 10 14	0.000178372352285396
11 4 6 8 1 14	0.000176188168964454
11 3 2 8 1 14	0.000181069213706939
11 3 2 8 10 14	0.00017776987689436
10 4 2 8 20 14	0.000174558149683613
10 4 2 12 1 11	0.000172555109788189
10 4 2 12 10 11	0.000172816037328264
10 4 8 8 10 14	0.000172666839333506
10 3 2 8 10 11	0.00017313768774618
20 4 12 8 10 11	0.000172845907873131
20 4 6 8 17 11	0.000173295208387488
20 4 6 12 10 14	0.000173107716276453
20 3 2 8 17 14	0.000173626182828371
13 4 2 8 17 11	0.000173731758165393
13 3 2 8 10 14	0.000172302390695671
11 4 2 8 13 14	0.000174680117035678
11 4 6 8 10 14	0.00017363371966836
10 4 2 8 13 11	0.000169355180151573
10 4 2 12 17 14	0.000168350168350168
10 4 12 8 10 14	0.000169707254985151
10 4 6 8 1 11	0.000170575692963753
10 4 6 8 10 11	0.000168641173742569
10 4 6 8 17 14	0.000167693791137383
10 3 2 8 1 14	0.000168847615027438
20 4 2 8 13 11	0.000165665769310416
20 4 2 12 1 11	0.000171203561034069
20 4 2 12 10 11	0.000167630542284804
20 4 2 12 17 14	0.000165590329524756
20 4 2 12 13 14	0.000170495716295128
20 4 12 8 10 14	0.000166161259502347
20 4 6 8 1 11	0.000170125893160939
20 4 6 8 10 11	0.000164921250103076
20 4 6 8 17 14	0.000165823729375674
20 4 8 8 10 14	0.000169247694000169
20 3 2 8 1 14	0.000168152009416513
20 3 2 8 10 11	0.000168776371308017
13 4 2 8 13 14	0.000168017809887848
13 4 2 12 1 14	0.000170401295049842
13 4 2 12 10 14	0.000169743263314237
13 4 6 8 1 14	0.000169909098632232
13 4 6 8 10 14	0.000166188873654909
11 4 2 8 1 11	0.000168762129778078
11 4 2 8 10 11	0.000168201505403473
11 4 2 8 17 14	0.000165514958414367
10 4 2 8 17 11	0.000161030595813205
10 4 2 12 1 14	0.000160378493244056
10 4 6 8 1 14	0.000164271047227926
10 3 2 8 10 14	0.000161531316884061
20 4 6 8 1 14	0.000164055450742351
13 4 2 8 1 11	0.000163532297628782
13 4 2 8 10 11	0.000160868690931028
13 4 2 8 17 14	0.00016099170892699
10 4 2 8 13 14	0.000160089650204114
10 4 2 12 10 14	0.000158159028903563
10 4 6 8 10 14	0.000158849926531909
20 4 2 8 17 11	0.000159534160252064
20 4 2 12 1 14	0.000158995150647905
20 3 2 8 10 14	0.000158302991926547
11 4 2 8 1 14	0.000158277936055714
20 4 2 8 13 14	0.000157140051070517
20 4 6 8 10 14	0.000156103652825476
13 4 2 8 1 14	0.000154297176361673
11 4 2 8 10 14	0.000156036668617125
10 4 2 8 1 11	0.000153674747397134
10 4 2 8 17 14	0.000152940276821901
20 4 2 8 1 11	0.000154083204930663
20 4 2 8 17 14	0.000152039226120339
20 4 2 12 10 14	0.00015416634548678
13 4 2 8 10 14	0.00015064211200241
10 4 2 8 10 11	0.000150358982069691
20 4 2 8 1 14	0.000148787382829936
10 4 2 8 1 14	0.000148279952550415
20 4 2 8 10 11	0.000148060408646728
10 4 2 8 10 14	0.000143374314491559
20 4 2 8 10 14	0.000141818826449211
