0.00931284507417016
20 10 20 13 1	0.8
20 10 11 13 1	0.8
20 10 10 13 1	0.666666666666667
20 20 20 13 1	0.571428571428571
20 20 11 13 1	0.666666666666667
20 10 11 11 1	0.444444444444444
20 10 11 20 1	0.444444444444444
20 20 10 13 1	0.5
20 10 20 11 1	0.444444444444444
20 10 20 20 1	0.4
20 10 10 11 1	0.363636363636364
20 10 10 20 1	0.333333333333333
20 20 11 11 1	0.307692307692308
20 20 11 20 1	0.307692307692308
20 20 20 11 1	0.285714285714286
20 20 20 20 1	0.285714285714286
20 20 10 11 1	0.235294117647059
20 20 10 20 1	0.222222222222222
20 10 11 13 8	0.0161943319838057
20 10 20 13 8	0.013986013986014
20 10 10 13 8	0.0123839009287926
20 20 11 13 8	0.00775193798449612
20 10 11 11 8	0.00665557404326123
20 10 11 20 8	0.00668896321070234
20 20 20 13 8	0.00688468158347676
20 10 20 20 8	0.00559440559440559
20 10 20 11 8	0.00575539568345324
20 20 10 13 8	0.00623052959501558
20 10 10 20 8	0.0053835800807537
20 10 10 11 8	0.00526315789473684
20 20 11 20 8	0.00320256204963971
20 20 11 11 8	0.00338123415046492
20 20 20 11 8	0.00303720577069096
20 20 20 20 8	0.0027681660899654
20 20 10 20 8	0.00268817204301075
20 20 10 11 8	0.00271739130434783
