     1		    16	    21	
     2		    17	    21	    16	     1	
     4		    20	    21	
     6		    20	    10	    21	
     9		    20	    10	    11	    21	
    10		    11	    13	    20	    21	
    12		     1	     8	
    13		    11	    13	    21	
    14		     1	    17	    21	    20	
    18		    11	    13	
    19		    16	    17	    21	     1	
    20		    17	     1	    10	    16	
    22		     5	    16	
    23		    20	     1	    21	
    24		    20	     1	    10	
    25		    10	    20	    21	
    26		    20	    10	    21	     5	    13	    17	
    28		     2	    21	
    29		    10	    20	    21	    11	
    30		    20	    10	    21	     3	     1	     4	    17	     7	
    31		    11	    20	    21	
    32		    16	     3	    17	    21	
    33		     8	     7	
    34		    12	     2	    21	    16	
    36		     1	    20	    21	    15	
    37		    10	    20	    21	    17	    11	    13	
    38		    10	    20	    21	    13	    11	
    40		     4	     3	    21	
    41		     2	    12	    21	     6	     8	
    42		     7	     4	     8	    21	     6	    12	
    43		    20	     1	    21	    10	    17	    13	
    44		    11	    14	    21	
    46		     2	     6	    21	    12	
    47		     7	     1	     6	    21	     8	     9	
    48		    14	    19	
    49		     4	     7	    21	
    50		     7	    21	
    51		    13	    21	    10	
    52		     7	    21	
    53		     7	    21	
    54		     5	    21	